Kinase Uniprot ID	Kinase Name	Mean Specificity Score	Mean Significance Score	Mean Final Score	Median Final score	Mean Kinase Statistic	Median Kinase Statistic	SD Kinase Statitistic	Mean peptide set size
P06239	Lck	2.538174668	0.974694135	3.512868802	3.673664139	-3.901040204	-3.966612869	0.129339667	18.11111111
P08631	HCK	2.246103076	0.974694135	3.220797211	3.673664139	-4.143829193	-4.178024279	0.149295713	12.33333333
P08922	Ros	1.748516212	0.974694135	2.723210347	2.701422803	-4.800619468	-4.800619468	0	4
P42679	CTK	1.274020156	0.974694135	2.248714291	2.27572413	-3.412956491	-3.415591882	0.156322968	23
P21860	HER3	1.139777052	0.974694135	2.114471186	2.242300375	-3.255961751	-3.224857064	0.184026852	32.33333333
P09619	PDGFR[beta]	1.444339921	0.974694135	2.419034055	2.226506108	-3.890412573	-3.773879794	0.170523527	9.555555556
P07948	Lyn	1.008585728	0.974694135	1.983279863	2.040195683	-3.539587542	-3.571119862	0.133348496	10.55555556
P12931	Src	1.072000661	0.974694135	2.046694796	2.010906307	-3.305444122	-3.326119389	0.109678532	21.88888889
O60674	JAK2	1.048791893	0.974694135	2.023486028	1.949388269	-3.353441239	-3.324116713	0.129959087	21.22222222
Q05397	FAK1	0.774809966	0.974694135	1.7495041	1.93330145	-3.028217232	-3.07791775	0.238665279	34.33333333
P51451	BLK	0.865059649	0.974694135	1.839753783	1.925476112	-3.464407627	-3.560975147	0.331401976	13.22222222
P29597	Tyk2	0.94342106	0.974694135	1.918115195	1.917789283	-3.869023564	-3.869023564	0	5
P16591	Fer	0.940462004	0.974694135	1.915156139	1.87432359	-3.43894763	-3.487861473	0.518194253	10.44444444
P07947	Yes	0.815845988	0.974694135	1.790540122	1.82240579	-3.327855864	-3.331146065	0.124168001	14.77777778
P52333	JAK3	0.708481004	0.974694135	1.683175139	1.770574152	-3.500572601	-3.677161343	0.209408487	5.555555556
P51813	Etk/BMX	0.695695851	0.974694135	1.670389986	1.739165688	-3.132148986	-3.095487184	0.114355098	24.77777778
P29317	EphA2	0.716923321	0.974694135	1.691617456	1.714622747	-3.370191021	-3.33680714	0.125834046	8.444444444
P54753	EphB3	0.730487056	0.974694135	1.705181191	1.705181191	-3.695066015	-3.695066015	NA	3
P11362	FGFR1	0.501531791	0.974694135	1.476225926	1.669342765	-2.882425744	-3.187195983	0.401463549	14.11111111
P16234	PDGFR[alpha]	0.750839157	0.974694135	1.725533292	1.632271454	-3.790324747	-3.594062986	0.389444859	3.777777778
Q12866	Mer	0.589269169	0.974694135	1.563963303	1.612966299	-2.963370795	-3.021111037	0.134782399	39.77777778
P06241	Fyn	0.716221274	0.974694135	1.690915409	1.587304308	-3.417479394	-3.21574886	0.556819306	7.777777778
Q04912	Ron	0.563118079	0.974694135	1.537812214	1.561656733	-3.353874234	-3.405464498	0.142067109	4.5
P54762	EphB1	0.575523361	0.974694135	1.550217496	1.554816885	-3.57282557	-3.57282557	0	3
Q14289	FAK2	0.662620001	0.974694135	1.637314136	1.546559341	-3.151406172	-3.060958667	0.216335738	21.66666667
Q08881	ITK	0.480374441	0.974694135	1.455068576	1.509311283	-2.978312319	-3.052147711	0.192610613	27.66666667
P00519	Abl	0.474237934	0.974694135	1.448932069	1.488972708	-2.931525277	-2.938193279	0.091972824	37.88888889
P22455	FGFR4	0.523577016	0.974694135	1.49827115	1.486143418	-3.014446303	-3.027033656	0.093464569	20.22222222
P14616	IRR	0.805910357	0.974694135	1.780604491	1.466871775	-3.671682948	-3.16560709	0.784009348	4.333333333
Q13882	Brk	0.563098528	0.974694135	1.537792663	1.458820291	-2.948380326	-2.94359504	0.151966008	45.55555556
P08069	IGF1R	0.552717314	0.974694135	1.527411448	1.435618036	-3.162835591	-3.049475803	0.343923419	10.11111111
P09769	Fgr	0.50341008	0.974694135	1.478104215	1.418592789	-3.24613792	-3.127060673	0.415912298	4.75
P06213	InSR	0.462433211	0.974694135	1.437127346	1.397202335	-2.995205453	-2.928802336	0.13723113	15.88888889
P54764	EphA4	0.421518518	0.974694135	1.396212653	1.397202335	-3.091042533	-3.154571085	0.086990052	4.6
P42680	TEC	0.376717497	0.974694135	1.351411631	1.38810683	-2.87597557	-2.897288775	0.090945077	32.22222222
H0Y8A4	RYK	0.390969475	0.974694135	1.365663609	1.385862409	-2.997934067	-3.066899606	0.336820895	4.285714286
P41240	CSK	0.404533275	0.974694135	1.379227409	1.383629528	-2.877521161	-2.912730621	0.150044062	33
P29376	LTK	0.427008871	0.974694135	1.401703005	1.383270055	-3.052614684	-3.005085788	0.222063302	10.375
P35916	FLT4	0.400883385	0.974694135	1.37557752	1.375360094	-2.976686724	-2.981789801	0.175323351	9.75
Q08345	DDR1	0.393748722	0.974694135	1.368442857	1.367346371	-3.101570823	-3.101570823	0	3
P54760	EphB4	0.36320683	0.974694135	1.337900965	1.335207645	-2.941439032	-2.941439032	0	3
Q9H3Y6	Srm	0.333634068	0.974694135	1.308328203	1.333220024	-2.864621089	-2.906067517	0.087197422	26.11111111
P29323	EphB2	0.347935768	0.974694135	1.322629902	1.322629902	-2.959848811	-2.959848811	0	5
Q16288	TRKC	0.376508087	0.974694135	1.351202222	1.317638282	-2.932341928	-2.931622921	0.086841035	15.77777778
P29322	EphA8	0.351528	0.974694135	1.326222134	1.315078626	-2.957370564	-2.954432213	0.100391811	3.75
P42685	FRK	0.33270476	0.974694135	1.307398895	1.313828657	-2.854181051	-2.853449621	0.045631828	33.55555556
P43403	ZAP70	0.36563852	0.974694135	1.340332654	1.313828657	-2.852866866	-2.849550146	0.083824719	47.11111111
P42684	Arg	0.504370377	0.974694135	1.479064512	1.304448282	-2.882406315	-2.834168425	0.16776367	37.33333333
P22607	FGFR3	0.356394095	0.974694135	1.331088229	1.279212458	-2.862100762	-2.826724543	0.225276758	11
Q9UM73	ALK	0.258188353	0.974694135	1.232882488	1.272263598	-2.718832591	-2.823184978	0.200362037	32.33333333
P35968	KDR	0.241706282	0.974694135	1.216400417	1.240694848	-2.726231655	-2.83258246	0.163579326	13.77777778
Q16620	TRKB	0.247094359	0.974694135	1.221788493	1.218819279	-2.709442132	-2.747076164	0.210374428	17.33333333
P07949	Ret	0.287165836	0.974694135	1.261859971	1.211266141	-2.734930568	-2.690378642	0.265069958	11.66666667
P54756	EphA5	0.217249589	0.974694135	1.191943724	1.211266141	-2.55788794	-2.678451171	0.229909367	5.4
P04629	TRKA	0.247416437	0.974694135	1.222110572	1.208281288	-2.697976077	-2.731546781	0.205705711	10.66666667
P29320	EphA3	0.206174587	0.974694135	1.180868722	1.200182689	-2.545581675	-2.640154574	0.213654069	4.75
P07333	FmS/CSFR	0.282085087	0.974694135	1.256779222	1.161780778	-2.693173047	-2.532247602	0.733549257	6.6
Q06187	BTK	0.196412635	0.974694135	1.17110677	1.159116386	-2.661058676	-2.669941659	0.075429972	16.66666667
P07332	Fes	0.189306479	0.974694135	1.164000614	1.151219906	-2.62143806	-2.586991052	0.159584959	11.11111111
P23458	JAK1~b	0.156156261	0.974694135	1.130850396	1.149272384	-2.293472949	-2.530760151	0.474574404	4.5
P42681	TXK	0.141284417	0.974694135	1.115978552	1.125889434	-2.437645099	-2.65796788	0.426687727	20
Q15375	EphA7	0.165539712	0.974694135	1.140233847	1.124660877	-2.405122885	-2.377959762	0.047047908	4.666666667
P08581	Met	0.353231715	0.974694135	1.32792585	1.11856969	-2.821163005	-2.650127627	0.330650564	29.44444444
Q13308	CCK4/PTK7	0.146357838	0.974694135	1.121051973	1.117361638	-2.162317583	-2.162317583	0	3
P10721	Kit	0.177874005	0.974694135	1.15256814	1.114955569	-2.612682659	-2.53961557	0.160099019	11.33333333
P21709	EphA1	0.149986201	0.974694135	1.124680336	1.111097619	-2.202249509	-2.149568297	0.402410949	3.666666667
P21802	FGFR2	0.189764313	0.974694135	1.164458447	1.106637773	-2.504827333	-2.298559937	0.336040743	9.888888889
Q15303	HER4	0.213235725	0.974694135	1.187929859	1.083714538	-2.6926742	-2.573934342	0.268253084	23.33333333
P30530	Axl	0.175080381	0.974694135	1.149774515	1.081487382	-2.727677367	-2.683330494	0.157484834	46.11111111
P00533	EGFR	0.164455155	0.974694135	1.13914929	1.079271589	-2.704869009	-2.654906544	0.120136709	38.22222222
P04626	HER2	0.097786557	0.974694135	1.072480692	1.057714087	-2.52307404	-2.498140454	0.152947774	25.77777778
P17948	FLT1	0.095626639	0.974694135	1.070320774	1.055616042	-2.415342756	-2.344869068	0.175328549	16.44444444
P36888	FLT3	0.103629775	0.974694135	1.07832391	1.047323772	-2.274906187	-2.281375347	0.326072472	9.571428571
Q06418	Tyro3/Sky	0.069454194	0.974694135	1.044148329	1.037176243	-2.554158295	-2.552018274	0.037315172	34.22222222
P43405	Syk	0.050713642	0.974694135	1.025407777	1.018525704	-2.602821835	-2.600356704	0.053359539	53.33333333
O14757	CHK1	2.445269868	0.974694135	3.419964003	3.372634143	-5.48032838	-5.444163046	0.287672458	8
Q13153	PAK1	2.060293477	0.974694135	3.034987611	3.071604148	-5.445726776	-5.445726776	0	6
Q9UIK4	DAPK2	2.068701374	0.974694135	3.043395509	3.071604148	-6.538327503	-6.319942168	0.534932638	3.833333333
Q96GD4	AurB/Aur1	2.092855817	0.974694135	3.067549952	2.974694135	-6.257012591	-6.458433335	0.552321897	4.111111111
P49137	MAPKAPK2	1.638031186	0.974694135	2.61272532	2.632271454	-3.717423995	-3.648842505	0.215429417	28.44444444
Q16644	MAPKAPK3	1.414804134	0.974694135	2.389498269	2.372634143	-3.55199845	-3.503505544	0.276132179	33.66666667
Q14164	IKK[epsilon]	1.461569848	0.974694135	2.436263982	2.311936303	-4.849698238	-4.691914567	0.474109793	6.666666667
P51817	PRKX	1.247469709	0.974694135	2.222163844	2.226506108	-3.554446875	-3.515686281	0.308469595	30.77777778
O95819	HGK/ZC1	1.23431144	0.974694135	2.209005574	2.211266141	-4.888523751	-4.965408991	0.189918859	4.714285714
O15075	DCAMKL1	1.17920184	0.974694135	2.153895974	2.189422665	-4.882669877	-4.882669877	0	4
P10398	ARAF	1.197147378	0.974694135	2.171841513	2.168514161	-5.364637759	-5.364637759	0	3
P15056	BRAF	1.173819653	0.974694135	2.148513788	2.168514161	-5.275908628	-5.364637759	0.266187394	3.111111111
P16066	ANP[alpha]	1.041189774	0.974694135	2.015883909	2.060880282	-3.522581418	-3.538331513	0.120118704	23.88888889
Q15349	RSK1/p90RSK	1.030974708	0.974694135	2.005668843	1.992422902	-4.330334287	-4.330334287	0	6
P48729	CK1[alpha]	0.895470696	0.974694135	1.87016483	1.93330145	-3.778238922	-3.809908647	0.291046651	9.888888889
O14965	AurA/Aur2	0.938038902	0.974694135	1.912733037	1.895512889	-4.229396247	-4.264483356	0.105261327	5.111111111
P31751	Akt2/PKB[beta]	0.806143636	0.974694135	1.780837771	1.867484165	-3.320667765	-3.362877808	0.171650006	27.11111111
Q9UPZ9	ICK	0.877991075	0.974694135	1.85268521	1.841155226	-4.640234625	-4.640234625	0	3
P31749	Akt1/PKB[alpha]	0.963665846	0.974694135	1.938359981	1.834815048	-3.387087471	-3.347572626	0.183824757	29.11111111
P04049	RAF1	0.867410984	0.974694135	1.842105119	1.798602876	-4.041793146	-4.10492501	0.264169592	6.333333333
O75582	MSK1	0.729113852	0.974694135	1.703807987	1.695940534	-3.707421033	-3.707421033	0	8
P45983	JNK1	0.703371788	0.974694135	1.678065923	1.648358274	-3.334233274	-3.300403729	0.087333815	21.55555556
P53779	JNK3	0.7112649	0.974694135	1.685959034	1.648358274	-3.345122836	-3.300403729	0.088688011	21.11111111
P45984	JNK2	0.68346577	0.974694135	1.658159905	1.616759288	-3.387135109	-3.345950333	0.25170412	16
Q15418	RSK3	0.647017029	0.974694135	1.621711164	1.60920615	-3.467316002	-3.467316002	0	10
Q9UBS0	p70S6K[beta]	0.649625446	0.974694135	1.62431958	1.587304308	-3.310341066	-3.197277956	0.256859589	24
Q13237	PKG2	0.577747314	0.974694135	1.552441448	1.583759028	-3.141481815	-3.174304711	0.145938049	35.77777778
P23443	p70S6K	0.773653609	0.974694135	1.748347744	1.573293594	-3.342162356	-3.285444091	0.320813214	18.33333333
Q15139	PKD1	0.594525099	0.974694135	1.569219234	1.573293594	-3.546368932	-3.546368932	0	6
Q9UKE5	TNIK/ZC2	0.601616246	0.974694135	1.576310381	1.568157294	-3.808868359	-3.808868359	0	3
P68400	CK2[alpha]1	0.561110632	0.974694135	1.535804767	1.527536103	-3.650252073	-3.650252073	0	3
O43930	PRKY	0.634503873	0.974694135	1.609198007	1.500477871	-3.270620504	-3.258003641	0.470854577	10.77777778
Q15759	p38[beta]	0.54721728	0.974694135	1.521911415	1.500477871	-3.563166182	-3.382817615	0.561921277	4.6
P51812	RSK2	0.511129124	0.974694135	1.485823258	1.483332441	-3.311839298	-3.311839298	0	8
Q13131	AMPK[alpha]1	0.544810282	0.974694135	1.519504417	1.480539541	-3.316810858	-3.233635736	0.167825807	10.77777778
O43293	DAPK3	0.49757288	0.974694135	1.472267015	1.472267015	-3.396924014	-3.396924014	NA	3
O15111	IKK[alpha]	0.520928781	0.974694135	1.495622915	1.466838263	-3.511514533	-3.269963858	0.362326013	3.666666667
Q9HBY8	SGK2	0.49578244	0.974694135	1.470476575	1.440668029	-3.269219148	-3.231928783	0.466865792	15.44444444
Q8TD08	ERK7	0.463441557	0.974694135	1.438135692	1.438135692	-3.329634287	-3.329634287	NA	3
O96017	CHK2	0.594235709	0.974694135	1.568929843	1.435618036	-3.234037021	-3.197785328	0.1644199	19.77777778
O14920	IKK[beta]	0.451980692	0.974694135	1.426674827	1.428151471	-3.28544189	-3.172203273	0.232080342	3.666666667
O75676	MSK2	0.431597565	0.974694135	1.4062917	1.406492411	-3.196804863	-3.196804863	0	3
Q16539	MAPK14	0.649405175	0.974694135	1.62409931	1.401822533	-3.600608888	-3.174063907	0.726442159	10.33333333
Q13535	ATR	0.442523497	0.974694135	1.417217632	1.394910538	-3.192241567	-3.147119596	0.135365912	7.888888889
P42345	mTOR/FRAP	0.402113688	0.974694135	1.376807823	1.379197913	-3.154888365	-3.116326441	0.069651505	4.888888889
Q96L96	AlphaK1	0.396312093	0.974694135	1.371006228	1.371006228	-3.145484523	-3.145484523	0	3
Q9Y6S9	RSKL2	0.382672855	0.974694135	1.35736699	1.352580322	-3.077260031	-3.077260031	0.105110623	3.5
P11309	Pim1	0.379556218	0.974694135	1.354250353	1.351444844	-2.962816989	-2.983933161	0.065066376	60.33333333
P41743	PKC[iota]	0.354040831	0.974694135	1.328734966	1.306308218	-2.980332067	-2.918715834	0.13970243	14.33333333
O60285	NuaK1	0.347735114	0.974694135	1.322429249	1.300752136	-2.957237858	-2.900577811	0.126695715	3.8
O76039	CDKL5	0.304024305	0.974694135	1.27871844	1.294776394	-2.708211385	-2.803284823	0.449876873	5.875
Q13976	PKG1	0.342343865	0.974694135	1.317038	1.291647096	-2.948504848	-2.953917562	0.141527435	39
Q9UHD2	TBK1	0.344748026	0.974694135	1.319442161	1.239095235	-2.661482475	-2.655251181	1.051521334	3.888888889
P06493	CDC2/CDK1	0.31084651	0.974694135	1.285540644	1.229619343	-2.883023863	-2.807248768	0.277405495	11.33333333
P17612	PKA[alpha]	0.340461074	0.974694135	1.315155209	1.223415031	-2.903132833	-2.911414494	0.18605627	52.11111111
Q02156	PKC[epsilon]	0.226102676	0.974694135	1.200796811	1.206796519	-2.765273737	-2.81849671	0.180850506	19.88888889
Q9P1W9	Pim2	0.249102032	0.974694135	1.223796167	1.195097643	-2.87801429	-2.857595638	0.150986025	38.33333333
P27361	ERK1	0.26581537	0.974694135	1.240509505	1.193657196	-2.811838825	-2.815460976	0.233129742	15.66666667
Q86V86	Pim3	0.215875313	0.974694135	1.190569448	1.176734491	-2.8842101	-2.884568549	0.061883976	57.22222222
Q15131	CDK10	0.195234391	0.974694135	1.169928526	1.169873456	-2.467318843	-2.587926305	0.317393473	6.111111111
Q8NI60	ADCK3	0.17504854	0.974694135	1.149742674	1.156468241	-2.518224414	-2.590896474	0.170843675	8.777777778
P17252	PKC[alpha]	0.144990981	0.974694135	1.119685116	1.133334664	-2.704735382	-2.755377012	0.115477868	30.22222222
O15264	p38[delta]	0.239606971	0.974694135	1.214301105	1.132084895	-2.792070328	-2.646251139	0.294395537	14.44444444
P28482	ERK2	0.151793071	0.974694135	1.126487206	1.117361638	-2.603001813	-2.590596117	0.147814594	15.44444444
O94921	PFTAIRE1	0.125384701	0.974694135	1.100078836	1.095024929	-1.87872543	-1.87872543	0	3
Q00535	CDK5	0.115548929	0.974694135	1.090243064	1.092739163	-2.159205877	-2.159205877	0	6
P05129	PKC[gamma]	0.181842645	0.974694135	1.156536779	1.082599532	-2.622760146	-2.510839831	0.254958005	15.22222222
P48730	CK1[delta]	0.106806031	0.974694135	1.081500165	1.081500165	-1.817166295	-1.817166295	0	3
O75116	ROCK2	0.080501758	0.974694135	1.055195893	1.069438086	-1.848990466	-1.912693089	0.118793611	4.8
P41279	COT	0.088734003	0.974694135	1.063428138	1.063003976	-1.772608259	-1.772608259	0	4
Q00532	CDKL1	0.107569143	0.974694135	1.082263278	1.056663798	-2.064746251	-1.96252911	0.156034969	5.6
Q05513	PKC[zeta]	0.079332105	0.974694135	1.05402624	1.055616042	-2.183441352	-2.191690875	0.026407853	9.555555556
Q05655	PKC[delta]	0.080467287	0.974694135	1.055161422	1.051450116	-2.50251271	-2.529866758	0.101831896	22.77777778
P50750	CDK9	0.086371414	0.974694135	1.061065549	1.050414849	-2.088819609	-2.053545591	0.052911028	6.666666667
Q04759	PKC[theta]	0.084687105	0.974694135	1.059381239	1.049382043	-2.487686824	-2.544455621	0.157800969	22.33333333
Q8IWB6	SgK307	0.211148705	0.974694135	1.18584284	1.048351688	-2.169792625	-1.532009823	0.956674203	3.333333333
P05771	PKC[beta]	0.06742364	0.974694135	1.042117774	1.04222037	-2.128373298	-2.128373298	0	10
Q92772	CDKL2	0.057570496	0.923169487	0.980739984	1.040715391	-1.418423914	-1.504332775	0.210432874	3.333333333
P49840	GSK3[alpha]	0.057450848	0.974694135	1.032144983	1.033182702	-1.607522329	-1.621991836	0.028712038	3.777777778
P49674	CK1[epsilon]	0.058527123	0.974694135	1.033221258	1.032190029	-1.49135542	-1.466206027	0.06653904	3.142857143
P50613	CDK7	0.06451812	0.974694135	1.039212254	1.02922555	-2.167990009	-2.298963748	0.259524116	12.22222222
Q13164	ERK5	0.059956905	0.94034437	1.000301275	1.02922555	-1.977459286	-2.289749939	0.532675692	11.11111111
Q13464	ROCK1	0.059832473	0.974694135	1.034526608	1.027260413	-1.705733102	-1.673269506	0.059367459	4.714285714
Q96Q40	PFTAIRE2	0.057023861	0.974694135	1.031717996	1.019487597	-1.782524077	-1.712187916	0.1855899	5.777777778
Q16512	PKN1/PRK1	0.034185505	0.974694135	1.008879639	1.015652742	-1.502143737	-1.523144992	0.056286408	5
P24941	CDK2	0.043461049	0.974694135	1.018155184	1.012798661	-2.129479573	-2.219130802	0.233816423	14.55555556
P49841	GSK3[beta]	0.033444941	0.974694135	1.008139076	1.010906307	-1.54548909	-1.552836147	0.022041169	4.888888889
O00141	SGK1	0.023304912	0.974694135	0.997999047	0.99972214	-1.134999865	-1.134999865	0	3
Q00537	PCTAIRE2	0.020451625	0.974694135	0.99514576	0.99514576	-1.100513826	-1.100513826	NA	3
P53778	p38[gamma]	0.020317021	0.974694135	0.995011156	0.990617101	-1.630964159	-1.596626802	0.192854219	8.333333333
Q16566	CaMK4	0.023958366	0.974694135	0.998652501	0.989717008	-1.904481069	-1.882295192	0.135350089	12.44444444
P24723	PKC[eta]	0.014753919	0.974694135	0.989448053	0.985244317	-1.888027933	-1.931289611	0.086707164	15
Q00526	CDK3	0.018278859	0.94034437	0.958623228	0.985244317	-1.727169701	-1.572489698	0.276643911	9.777777778
Q9BWU1	CDK11	0.027291819	0.665546249	0.692838068	0.692418395	-1.15626054	-1.15626054	0	3
P11802	CDK4	0.015350898	0.665546249	0.680897147	0.679670892	-1.202768278	-1.146572463	0.168587445	4.222222222
Q00534	CDK6	0.015643871	0.665546249	0.68119012	0.679670892	-1.147648916	-1.146572463	0.003229359	3.888888889
